2

23 94
120
0 77
1 38
1 43
1 73
1 77
1 79
1 91
2 17
2 74
4 30
4 32
4 64
4 81
5 2
5 4
5 10
5 78
5 82
6 24
6 25
6 43
6 49
6 53
6 71
6 74
6 81
7 3
7 22
7 29
7 33
7 40
7 69
7 78
7 80
8 34
8 61
8 63
8 78
9 13
9 42
9 51
9 54
9 71
9 73
9 83
10 23
10 44
10 45
10 50
10 80
10 91
11 4
11 7
11 11
11 34
11 41
11 58
12 36
13 12
13 75
13 80
14 15
14 68
14 81
15 50
15 58
15 77
15 88
16 4
16 12
16 16
16 25
16 32
16 51
16 79
17 2
17 9
17 33
17 51
17 58
17 84
17 88
18 5
18 18
18 21
18 34
18 51
18 57
18 63
18 71
18 77
18 86
19 2
19 25
19 32
19 34
19 37
19 54
19 55
19 56
19 57
19 64
19 78
19 79
20 7
20 10
20 37
20 58
20 63
20 85
21 24
21 48
22 6
22 13
22 30
22 48
22 53
22 60
22 65
22 68
5 1

13 32
244
0 0
0 1
0 4
0 7
0 8
0 9
0 13
0 14
0 15
0 16
0 17
0 18
0 19
0 20
0 22
0 23
0 24
0 26
0 27
0 28
0 29
0 31
1 2
1 3
1 4
1 5
1 6
1 14
1 15
1 16
1 17
1 20
1 22
1 23
1 29
1 30
1 31
2 0
2 2
2 3
2 4
2 5
2 6
2 7
2 10
2 12
2 14
2 18
2 22
2 23
2 24
2 26
2 29
2 30
3 1
3 2
3 9
3 14
3 15
3 16
3 17
3 18
3 19
3 21
3 22
3 23
3 24
3 25
3 26
3 27
3 28
3 29
3 31
4 1
4 2
4 3
4 6
4 7
4 8
4 10
4 11
4 13
4 15
4 17
4 18
4 20
4 24
4 26
4 28
4 29
4 30
4 31
5 1
5 2
5 3
5 5
5 6
5 7
5 8
5 9
5 10
5 11
5 12
5 15
5 17
5 18
5 19
5 20
5 21
5 25
5 26
5 27
5 28
5 30
5 31
6 0
6 1
6 3
6 5
6 6
6 7
6 8
6 9
6 11
6 12
6 13
6 14
6 16
6 17
6 19
6 20
6 21
6 24
6 25
6 26
6 27
6 28
6 29
6 30
6 31
7 0
7 1
7 2
7 3
7 6
7 11
7 12
7 13
7 15
7 16
7 18
7 19
7 20
7 22
7 24
7 26
7 27
7 28
7 30
8 0
8 1
8 2
8 3
8 5
8 6
8 13
8 14
8 15
8 19
8 21
8 22
8 26
8 27
8 29
8 30
8 31
9 3
9 5
9 7
9 9
9 11
9 12
9 14
9 18
9 19
9 20
9 21
9 26
9 27
9 28
9 29
9 30
9 31
10 4
10 8
10 9
10 11
10 12
10 13
10 14
10 15
10 16
10 17
10 18
10 20
10 22
10 23
10 24
10 25
10 28
10 29
11 0
11 1
11 3
11 4
11 5
11 6
11 7
11 9
11 14
11 18
11 19
11 20
11 23
11 28
11 30
11 31
12 0
12 3
12 4
12 5
12 8
12 9
12 10
12 14
12 15
12 18
12 19
12 20
12 22
12 23
12 25
12 26
12 30
55 5
