2

83 86
75
1 48
1 67
3 69
5 71
7 34
10 71
10 84
11 41
11 66
11 69
12 23
12 50
13 39
14 45
16 13
16 38
17 71
20 85
21 23
22 50
26 44
26 78
27 30
28 36
28 77
30 67
30 76
33 41
33 53
34 40
37 59
38 45
39 25
40 18
40 52
41 21
42 19
43 15
43 17
44 4
45 44
45 56
46 19
48 46
50 61
50 66
52 24
53 37
53 49
53 51
53 69
55 0
55 23
56 51
57 19
57 27
57 46
57 67
64 22
66 29
67 47
68 46
69 66
71 82
74 56
75 9
75 77
76 18
78 31
80 16
80 30
80 36
81 18
82 25
82 35
10 1

1 100
55
0 0
0 2
0 4
0 6
0 8
0 10
0 12
0 14
0 16
0 18
0 20
0 22
0 24
0 26
0 28
0 30
0 32
0 34
0 36
0 38
0 40
0 42
0 44
0 46
0 48
0 50
0 52
0 54
0 56
0 58
0 50
0 52
0 54
0 56
0 58
0 60
0 62
0 64
0 66
0 68
0 70
0 72
0 74
0 76
0 78
0 80
0 82
0 84
0 86
0 88
0 90
0 92
0 94
0 96
0 98
100 2
